RESULTS 
 precision: 0.6583011583011583 
 Recall: 0.88 
 Micro-f1: (0.6551724137931034, 0.8825806451612903, 0.7520615722924683) 
 Macro-f1: (0.730303222532352, 0.8827708703374778, 0.7993314308559462)